B       ###########   RawFitness
         1542453053          151

Gen                 AvgFit              BestFit 
0              100.02                        117.49                        0.07                          0.12                          
1              100.48                        117.49                        0.07                          0.12                          
2              100.97                        117.5                         0.07                          0.12                          
3              101.31                        117.49                        0.07                          0.12                          
4              101.86                        118.15                        0.07                          0.12                          
5              102.32                        118.95                        0.07                          0.12                          
6              102.73                        119.29                        0.07                          0.12                          
7              103.23                        119.2                         0.07                          0.12                          
8              103.62                        119.47                        0.07                          0.12                          
9              104.11                        119.96                        0.07                          0.12                          
10             104.5                         120.47                        0.07                          0.12                          
11             104.94                        121.07                        0.07                          0.12                          
12             105.15                        121.33                        0.07                          0.12                          
13             105.51                        121.64                        0.07                          0.12                          
14             105.83                        121.63                        0.07                          0.12                          
15             106.22                        121.78                        0.06                          0.12                          
16             106.61                        122.19                        0.06                          0.12                          
17             106.9                         122.67                        0.07                          0.12                          
18             107.33                        122.85                        0.06                          0.12                          
19             107.68                        123.04                        0.06                          0.12                          
20             108.06                        122.78                        0.06                          0.12                          
21             108.28                        123.25                        0.06                          0.12                          
22             108.56                        123.57                        0.06                          0.12                          
23             108.88                        124.1                         0.06                          0.12                          
24             109.23                        124.11                        0.06                          0.12                          
25             109.48                        124.07                        0.06                          0.12                          
26             109.75                        124.27                        0.06                          0.12                          
27             110.04                        124.55                        0.06                          0.12                          
28             110.29                        124.48                        0.06                          0.12                          
29             110.55                        124.64                        0.06                          0.12                          
30             110.81                        125.22                        0.06                          0.13                          
31             111.0                         125.02                        0.06                          0.13                          
32             111.11                        125.26                        0.06                          0.13                          
33             111.28                        124.86                        0.06                          0.12                          
34             111.42                        125.5                         0.06                          0.13                          
35             111.6                         125.92                        0.06                          0.13                          
36             111.72                        125.67                        0.06                          0.13                          
37             111.9                         126.05                        0.06                          0.13                          
38             112.1                         125.97                        0.06                          0.13                          
39             112.3                         126.29                        0.06                          0.13                          
40             112.46                        125.99                        0.06                          0.13                          
41             112.69                        126.66                        0.06                          0.13                          
42             112.87                        126.95                        0.06                          0.13                          
43             112.93                        127.17                        0.06                          0.13                          
44             113.13                        127.35                        0.06                          0.13                          
45             113.28                        127.07                        0.06                          0.13                          
46             113.36                        127.38                        0.06                          0.13                          
47             113.51                        127.5                         0.06                          0.13                          
48             113.68                        127.76                        0.06                          0.13                          
49             113.9                         128.32                        0.06                          0.13                          
50             114.14                        128.36                        0.06                          0.13                          
51             114.32                        127.96                        0.06                          0.13                          
52             114.46                        128.48                        0.06                          0.13                          
53             114.68                        128.19                        0.06                          0.13                          
54             114.79                        128.72                        0.06                          0.13                          
55             114.87                        128.87                        0.06                          0.13                          
56             115.05                        128.98                        0.06                          0.13                          
57             115.28                        129.46                        0.06                          0.13                          
58             115.44                        129.96                        0.06                          0.13                          
59             115.52                        129.87                        0.06                          0.13                          
60             115.7                         129.6                         0.06                          0.13                          
61             115.91                        129.89                        0.06                          0.13                          
62             116.08                        129.88                        0.06                          0.13                          
63             116.2                         129.93                        0.06                          0.13                          
64             116.23                        129.86                        0.06                          0.13                          
65             116.36                        130.19                        0.06                          0.13                          
66             116.56                        130.15                        0.06                          0.13                          
67             116.73                        130.21                        0.06                          0.13                          
68             116.87                        130.33                        0.06                          0.13                          
69             117.05                        130.67                        0.06                          0.13                          
70             117.22                        130.79                        0.06                          0.13                          
71             117.3                         130.88                        0.06                          0.13                          
72             117.4                         130.96                        0.06                          0.13                          
73             117.56                        131.03                        0.06                          0.13                          
74             117.58                        131.33                        0.06                          0.13                          
75             117.71                        131.54                        0.06                          0.13                          
76             117.72                        131.21                        0.06                          0.13                          
77             117.79                        131.08                        0.06                          0.13                          
78             117.92                        131.16                        0.06                          0.13                          
79             117.99                        131.33                        0.06                          0.13                          
80             118.08                        131.26                        0.06                          0.13                          
81             118.14                        131.6                         0.06                          0.13                          
82             118.27                        131.76                        0.06                          0.13                          
83             118.36                        131.4                         0.06                          0.13                          
84             118.4                         131.64                        0.06                          0.13                          
85             118.45                        131.83                        0.06                          0.13                          
86             118.55                        131.83                        0.06                          0.13                          
87             118.63                        131.81                        0.06                          0.13                          
88             118.6                         131.84                        0.06                          0.13                          
89             118.74                        132.24                        0.06                          0.13                          
90             118.82                        132.23                        0.06                          0.13                          
91             118.94                        132.33                        0.06                          0.13                          
92             119.06                        132.66                        0.06                          0.13                          
93             119.1                         132.62                        0.06                          0.13                          
94             119.11                        132.39                        0.06                          0.13                          
95             119.34                        132.62                        0.06                          0.13                          
96             119.4                         132.54                        0.06                          0.13                          
97             119.43                        132.45                        0.06                          0.13                          
98             119.42                        132.69                        0.06                          0.13                          
99             119.45                        132.63                        0.06                          0.13                          
100            119.48                        132.41                        0.05                          0.13                          
101            119.47                        132.26                        0.05                          0.13                          
102            119.54                        132.38                        0.06                          0.13                          
103            119.48                        132.34                        0.06                          0.13                          
104            119.51                        132.64                        0.05                          0.13                          
105            119.6                         132.93                        0.05                          0.13                          
106            119.58                        132.54                        0.05                          0.13                          
107            119.65                        132.79                        0.05                          0.13                          
108            119.67                        132.83                        0.05                          0.13                          
109            119.62                        132.76                        0.06                          0.13                          
110            119.62                        132.81                        0.06                          0.13                          
111            119.66                        132.57                        0.05                          0.13                          
112            119.7                         132.84                        0.05                          0.13                          
113            119.7                         132.93                        0.06                          0.13                          
114            119.81                        133.15                        0.06                          0.13                          
115            119.98                        133.22                        0.06                          0.13                          
116            120.0                         133.29                        0.05                          0.13                          
117            120.06                        133.24                        0.06                          0.13                          
118            120.07                        133.45                        0.06                          0.13                          
119            120.12                        133.45                        0.06                          0.13                          
120            120.17                        133.03                        0.06                          0.13                          
121            120.28                        133.11                        0.06                          0.13                          
122            120.37                        132.97                        0.06                          0.13                          
123            120.38                        133.04                        0.06                          0.13                          
124            120.42                        133.24                        0.06                          0.13                          
125            120.45                        133.68                        0.06                          0.13                          
126            120.59                        133.55                        0.06                          0.13                          
127            120.67                        133.68                        0.06                          0.13                          
128            120.69                        133.6                         0.06                          0.13                          
129            120.73                        133.96                        0.06                          0.13                          
130            120.8                         134.07                        0.06                          0.13                          
131            120.76                        133.57                        0.06                          0.13                          
132            120.85                        133.88                        0.06                          0.13                          
133            120.89                        133.64                        0.06                          0.13                          
134            120.89                        133.81                        0.05                          0.13                          
135            120.98                        133.87                        0.05                          0.13                          
136            121.04                        133.98                        0.06                          0.13                          
137            121.06                        134.16                        0.05                          0.13                          
138            121.11                        134.14                        0.05                          0.13                          
139            121.19                        134.16                        0.06                          0.13                          
140            121.28                        134.36                        0.06                          0.13                          
141            121.35                        134.31                        0.05                          0.13                          
142            121.34                        134.72                        0.05                          0.13                          
143            121.42                        134.72                        0.06                          0.13                          
144            121.58                        134.78                        0.06                          0.13                          
145            121.63                        134.47                        0.05                          0.13                          
146            121.72                        134.64                        0.06                          0.13                          
147            121.74                        134.45                        0.06                          0.13                          
148            121.77                        134.85                        0.06                          0.13                          
149            121.81                        134.92                        0.05                          0.13                          
150            121.89                        134.91                        0.05                          0.13                          
151            121.83                        134.84                        0.05                          0.13                          
152            121.88                        135.1                         0.05                          0.14                          
153            121.84                        134.89                        0.06                          0.13                          
154            121.91                        135.27                        0.06                          0.14                          
155            121.93                        134.99                        0.05                          0.13                          
156            121.96                        135.17                        0.05                          0.14                          
157            122.05                        134.96                        0.05                          0.13                          
158            122.04                        134.84                        0.05                          0.13                          
159            122.1                         135.1                         0.05                          0.14                          
160            122.12                        135.21                        0.06                          0.14                          
161            122.14                        135.14                        0.06                          0.14                          
162            122.13                        135.31                        0.06                          0.14                          
163            122.11                        135.28                        0.06                          0.14                          
164            122.2                         135.34                        0.06                          0.14                          
165            122.16                        135.15                        0.05                          0.14                          
166            122.19                        135.21                        0.05                          0.14                          
167            122.17                        134.91                        0.05                          0.13                          
168            122.28                        135.43                        0.05                          0.14                          
169            122.28                        135.62                        0.05                          0.14                          
170            122.28                        135.58                        0.05                          0.14                          
171            122.29                        135.39                        0.05                          0.14                          
172            122.36                        135.6                         0.06                          0.14                          
173            122.28                        135.88                        0.06                          0.14                          
174            122.3                         135.77                        0.06                          0.14                          
175            122.25                        135.52                        0.06                          0.14                          
176            122.26                        135.6                         0.06                          0.14                          
177            122.27                        135.38                        0.06                          0.14                          
178            122.34                        135.77                        0.06                          0.14                          
179            122.38                        135.52                        0.06                          0.14                          
180            122.44                        135.28                        0.05                          0.14                          
181            122.44                        135.42                        0.05                          0.14                          
182            122.55                        135.56                        0.05                          0.14                          
183            122.59                        135.63                        0.05                          0.14                          
184            122.71                        135.54                        0.05                          0.14                          
185            122.76                        135.88                        0.05                          0.14                          
186            122.7                         135.8                         0.05                          0.14                          
187            122.72                        135.69                        0.05                          0.14                          
188            122.7                         135.36                        0.05                          0.14                          
189            122.64                        135.84                        0.06                          0.14                          
190            122.63                        135.96                        0.06                          0.14                          
191            122.67                        135.9                         0.05                          0.14                          
192            122.65                        135.64                        0.05                          0.14                          
193            122.67                        135.34                        0.05                          0.14                          
194            122.59                        135.55                        0.05                          0.14                          
195            122.67                        135.66                        0.05                          0.14                          
196            122.82                        135.9                         0.06                          0.14                          
197            122.78                        135.96                        0.06                          0.14                          
198            122.78                        136.14                        0.06                          0.14                          
199            122.77                        135.9                         0.06                          0.14                          

