B       ###########   RawFitness
         1539020139          151

Gen                 AvgFit              BestFit 
0              100.03                        119.58                        0.04                          0.04                          
1              100.45                        119.15                        0.03                          0.04                          
2              100.99                        119.31                        0.04                          0.04                          
3              101.47                        120.1                         0.03                          0.04                          
4              101.86                        120.53                        0.03                          0.04                          
5              102.32                        120.73                        0.03                          0.04                          
6              102.79                        120.92                        0.03                          0.04                          
7              103.25                        121.15                        0.03                          0.04                          
8              103.7                         121.79                        0.03                          0.04                          
9              104.18                        122.09                        0.03                          0.04                          
10             104.53                        122.57                        0.03                          0.04                          
11             104.9                         123.03                        0.03                          0.04                          
12             105.26                        123.17                        0.03                          0.04                          
13             105.66                        123.71                        0.03                          0.04                          
14             106.1                         123.92                        0.03                          0.04                          
15             106.49                        124.32                        0.03                          0.04                          
16             106.82                        124.35                        0.03                          0.04                          
17             107.2                         125.17                        0.03                          0.04                          
18             107.58                        125.4                         0.03                          0.04                          
19             107.96                        125.43                        0.03                          0.04                          
20             108.26                        125.65                        0.03                          0.04                          
21             108.6                         126.09                        0.03                          0.04                          
22             108.93                        126.03                        0.03                          0.04                          
23             109.26                        126.53                        0.03                          0.04                          
24             109.52                        126.83                        0.03                          0.04                          
25             109.79                        127.27                        0.03                          0.04                          
26             110.14                        127.16                        0.03                          0.04                          
27             110.45                        127.88                        0.03                          0.05                          
28             110.65                        127.97                        0.03                          0.05                          
29             110.89                        128.01                        0.03                          0.05                          
30             111.24                        128.49                        0.03                          0.05                          
31             111.45                        128.67                        0.03                          0.05                          
32             111.69                        129.11                        0.03                          0.05                          
33             111.94                        129.19                        0.03                          0.05                          
34             112.21                        129.33                        0.03                          0.05                          
35             112.42                        129.4                         0.03                          0.05                          
36             112.65                        129.51                        0.03                          0.05                          
37             112.91                        129.79                        0.03                          0.05                          
38             113.16                        130.11                        0.03                          0.05                          
39             113.41                        130.27                        0.03                          0.05                          
40             113.59                        130.47                        0.03                          0.05                          
41             113.82                        130.73                        0.03                          0.05                          
42             114.03                        130.95                        0.03                          0.05                          
43             114.22                        130.97                        0.03                          0.05                          
44             114.4                         130.99                        0.03                          0.05                          
45             114.58                        130.99                        0.03                          0.05                          
46             114.73                        131.72                        0.03                          0.05                          
47             114.87                        131.53                        0.03                          0.05                          
48             115.03                        131.59                        0.03                          0.05                          
49             115.14                        131.47                        0.03                          0.05                          
50             115.36                        131.89                        0.03                          0.05                          
51             115.58                        131.97                        0.03                          0.05                          
52             115.71                        131.92                        0.03                          0.05                          
53             115.83                        132.17                        0.03                          0.05                          
54             116.08                        132.31                        0.03                          0.05                          
55             116.23                        132.41                        0.03                          0.05                          
56             116.4                         132.41                        0.03                          0.05                          
57             116.58                        132.61                        0.03                          0.05                          
58             116.79                        132.85                        0.03                          0.05                          
59             116.9                         132.86                        0.03                          0.05                          
60             117.1                         133.14                        0.03                          0.05                          
61             117.15                        133.15                        0.03                          0.05                          
62             117.3                         133.14                        0.03                          0.05                          
63             117.4                         133.39                        0.03                          0.05                          
64             117.55                        133.49                        0.03                          0.05                          
65             117.66                        133.47                        0.03                          0.05                          
66             117.82                        133.69                        0.03                          0.05                          
67             118.02                        134.07                        0.03                          0.05                          
68             118.19                        134.29                        0.03                          0.05                          
69             118.36                        134.31                        0.03                          0.05                          
70             118.49                        134.43                        0.03                          0.05                          
71             118.53                        134.33                        0.03                          0.05                          
72             118.67                        134.55                        0.03                          0.05                          
73             118.78                        134.81                        0.03                          0.05                          
74             118.94                        135.03                        0.03                          0.05                          
75             119.05                        135.15                        0.03                          0.05                          
76             119.13                        134.96                        0.03                          0.05                          
77             119.33                        135.42                        0.03                          0.05                          
78             119.48                        135.44                        0.03                          0.05                          
79             119.59                        135.49                        0.03                          0.05                          
80             119.68                        135.51                        0.03                          0.05                          
81             119.77                        135.8                         0.03                          0.05                          
82             119.86                        135.86                        0.03                          0.05                          
83             119.97                        135.94                        0.03                          0.05                          
84             120.08                        136.01                        0.03                          0.05                          
85             120.21                        135.95                        0.03                          0.05                          
86             120.3                         136.13                        0.03                          0.05                          
87             120.44                        136.27                        0.03                          0.05                          
88             120.54                        136.74                        0.03                          0.05                          
89             120.68                        136.63                        0.03                          0.05                          
90             120.75                        136.81                        0.03                          0.05                          
91             120.87                        136.97                        0.03                          0.05                          
92             120.96                        136.91                        0.03                          0.05                          
93             121.07                        136.97                        0.03                          0.05                          
94             121.23                        136.89                        0.03                          0.05                          
95             121.34                        137.23                        0.03                          0.05                          
96             121.4                         137.23                        0.03                          0.05                          
97             121.51                        137.22                        0.03                          0.05                          
98             121.59                        137.31                        0.03                          0.05                          
99             121.71                        137.43                        0.03                          0.05                          

