B       ###########   RawFitness
         2076071316          141

Gen                 AvgFit              BestFit 
0              99.98                         115.68                        0.14                          0.33                          
1              100.54                        116.05                        0.14                          0.33                          
2              100.94                        115.87                        0.14                          0.33                          
3              101.44                        115.82                        0.13                          0.33                          
4              101.87                        116.01                        0.13                          0.33                          
5              102.37                        116.8                         0.13                          0.33                          
6              102.73                        116.9                         0.13                          0.33                          
7              103.09                        117.1                         0.13                          0.33                          
8              103.37                        117.31                        0.13                          0.33                          
9              103.83                        117.38                        0.13                          0.33                          
10             104.15                        117.75                        0.13                          0.33                          
11             104.53                        117.79                        0.13                          0.33                          
12             104.87                        118.07                        0.12                          0.33                          
13             105.28                        118.08                        0.12                          0.33                          
14             105.67                        118.21                        0.12                          0.33                          
15             106.05                        118.59                        0.12                          0.34                          
16             106.31                        118.52                        0.12                          0.34                          
17             106.49                        118.79                        0.12                          0.34                          
18             106.84                        119.28                        0.12                          0.34                          
19             107.03                        119.29                        0.11                          0.34                          
20             107.26                        119.51                        0.11                          0.34                          
21             107.46                        119.21                        0.11                          0.34                          
22             107.75                        119.36                        0.11                          0.34                          
23             107.97                        119.59                        0.11                          0.34                          
24             108.23                        119.78                        0.11                          0.34                          
25             108.42                        119.93                        0.11                          0.34                          
26             108.57                        120.1                         0.11                          0.34                          
27             108.71                        120.13                        0.11                          0.34                          
28             108.96                        120.29                        0.11                          0.34                          
29             109.1                         120.43                        0.11                          0.34                          
30             109.24                        120.56                        0.11                          0.34                          
31             109.44                        120.93                        0.11                          0.34                          
32             109.66                        120.99                        0.11                          0.34                          
33             109.92                        120.99                        0.11                          0.34                          
34             110.01                        121.19                        0.11                          0.34                          
35             110.13                        121.36                        0.11                          0.34                          
36             110.29                        121.54                        0.11                          0.34                          
37             110.45                        121.97                        0.11                          0.34                          
38             110.64                        121.97                        0.1                           0.34                          
39             110.76                        121.88                        0.1                           0.34                          
40             111.01                        121.91                        0.1                           0.34                          
41             111.12                        121.61                        0.1                           0.34                          
42             111.19                        122.09                        0.1                           0.35                          
43             111.35                        122.19                        0.1                           0.35                          
44             111.38                        122.22                        0.1                           0.35                          
45             111.46                        122.35                        0.1                           0.35                          
46             111.64                        121.99                        0.1                           0.35                          
47             111.68                        122.37                        0.1                           0.35                          
48             111.76                        122.79                        0.1                           0.35                          
49             111.87                        122.4                         0.1                           0.35                          
50             111.85                        122.6                         0.1                           0.35                          
51             111.91                        122.51                        0.1                           0.35                          
52             112.06                        122.61                        0.1                           0.35                          
53             112.22                        122.85                        0.1                           0.35                          
54             112.35                        122.8                         0.1                           0.35                          
55             112.41                        123.14                        0.1                           0.35                          
56             112.52                        123.17                        0.1                           0.35                          
57             112.54                        123.41                        0.1                           0.35                          
58             112.66                        123.35                        0.1                           0.35                          
59             112.77                        123.31                        0.1                           0.35                          
60             112.95                        123.45                        0.1                           0.35                          
61             113.08                        123.43                        0.1                           0.35                          
62             113.2                         123.71                        0.1                           0.35                          
63             113.29                        123.61                        0.1                           0.35                          
64             113.33                        123.47                        0.1                           0.35                          
65             113.48                        123.91                        0.1                           0.35                          
66             113.5                         123.84                        0.1                           0.35                          
67             113.69                        124.19                        0.1                           0.35                          
68             113.84                        124.48                        0.1                           0.35                          
69             113.85                        124.55                        0.1                           0.35                          
70             113.91                        124.37                        0.1                           0.35                          
71             114.05                        124.32                        0.1                           0.35                          
72             114.15                        124.31                        0.1                           0.35                          
73             114.17                        124.45                        0.1                           0.35                          
74             114.16                        124.51                        0.1                           0.35                          
75             114.32                        124.72                        0.1                           0.35                          
76             114.3                         124.74                        0.1                           0.35                          
77             114.41                        124.66                        0.1                           0.35                          
78             114.59                        124.83                        0.1                           0.35                          
79             114.62                        125.12                        0.1                           0.35                          
80             114.65                        125.14                        0.1                           0.35                          
81             114.73                        125.21                        0.1                           0.35                          
82             114.75                        125.17                        0.1                           0.35                          
83             114.76                        125.3                         0.1                           0.35                          
84             114.8                         125.12                        0.1                           0.35                          
85             115.0                         125.49                        0.1                           0.35                          
86             115.09                        125.6                         0.1                           0.36                          
87             115.15                        125.83                        0.1                           0.36                          
88             115.24                        125.71                        0.1                           0.36                          
89             115.36                        125.8                         0.1                           0.36                          
90             115.46                        126.07                        0.1                           0.36                          
91             115.45                        126.08                        0.1                           0.36                          
92             115.46                        125.84                        0.1                           0.36                          
93             115.42                        126.05                        0.1                           0.36                          
94             115.49                        125.97                        0.1                           0.36                          
95             115.59                        125.86                        0.1                           0.36                          
96             115.61                        125.96                        0.1                           0.36                          
97             115.65                        125.74                        0.1                           0.36                          
98             115.76                        125.99                        0.1                           0.36                          
99             115.74                        126.06                        0.1                           0.36                          

