B       ###########   RawFitness
         -302170436          146

Gen                 AvgFit              BestFit 
0              100.13                        117.88                        0.07                          0.12                          
1              100.49                        117.67                        0.07                          0.12                          
2              100.91                        117.68                        0.07                          0.12                          
3              101.27                        117.76                        0.07                          0.12                          
4              101.72                        118.3                         0.07                          0.12                          
5              102.19                        118.73                        0.07                          0.12                          
6              102.59                        118.55                        0.07                          0.12                          
7              103.03                        119.09                        0.07                          0.12                          
8              103.42                        119.93                        0.07                          0.12                          
9              103.86                        120.25                        0.07                          0.12                          
10             104.13                        119.93                        0.07                          0.12                          
11             104.45                        120.03                        0.07                          0.12                          
12             104.77                        120.35                        0.07                          0.12                          
13             105.22                        121.03                        0.07                          0.12                          
14             105.62                        121.15                        0.07                          0.12                          
15             106.05                        121.62                        0.07                          0.12                          
16             106.42                        121.67                        0.06                          0.12                          
17             106.69                        121.79                        0.06                          0.12                          
18             106.98                        122.09                        0.06                          0.12                          
19             107.17                        122.46                        0.06                          0.12                          
20             107.4                         122.32                        0.06                          0.12                          
21             107.65                        122.87                        0.06                          0.12                          
22             107.93                        123.21                        0.06                          0.12                          
23             108.3                         123.21                        0.06                          0.12                          
24             108.64                        123.3                         0.06                          0.12                          
25             108.91                        123.95                        0.06                          0.12                          
26             109.03                        123.66                        0.06                          0.12                          
27             109.26                        123.95                        0.06                          0.12                          
28             109.54                        124.21                        0.06                          0.12                          
29             109.75                        124.22                        0.06                          0.12                          
30             110.0                         124.42                        0.06                          0.12                          
31             110.22                        124.76                        0.06                          0.12                          
32             110.54                        125.15                        0.06                          0.13                          
33             110.81                        125.35                        0.06                          0.13                          
34             111.06                        125.39                        0.06                          0.13                          
35             111.21                        125.64                        0.06                          0.13                          
36             111.4                         125.82                        0.06                          0.13                          
37             111.63                        125.89                        0.06                          0.13                          
38             111.78                        126.0                         0.06                          0.13                          
39             111.96                        125.83                        0.06                          0.13                          
40             112.15                        126.15                        0.06                          0.13                          
41             112.27                        126.22                        0.06                          0.13                          
42             112.39                        126.41                        0.06                          0.13                          
43             112.53                        126.59                        0.06                          0.13                          
44             112.72                        126.57                        0.06                          0.13                          
45             112.84                        126.99                        0.06                          0.13                          
46             113.05                        127.0                         0.06                          0.13                          
47             113.2                         127.07                        0.06                          0.13                          
48             113.44                        127.35                        0.06                          0.13                          
49             113.57                        127.65                        0.06                          0.13                          
50             113.72                        127.51                        0.06                          0.13                          
51             113.87                        127.67                        0.06                          0.13                          
52             114.03                        127.79                        0.06                          0.13                          
53             114.27                        127.98                        0.06                          0.13                          
54             114.4                         128.13                        0.06                          0.13                          
55             114.48                        128.09                        0.06                          0.13                          
56             114.57                        128.17                        0.06                          0.13                          
57             114.68                        128.25                        0.06                          0.13                          
58             114.76                        128.38                        0.06                          0.13                          
59             114.82                        128.3                         0.06                          0.13                          
60             114.94                        128.37                        0.06                          0.13                          
61             115.06                        128.49                        0.06                          0.13                          
62             115.18                        128.31                        0.06                          0.13                          
63             115.35                        128.51                        0.06                          0.13                          
64             115.49                        128.73                        0.06                          0.13                          
65             115.64                        129.07                        0.06                          0.13                          
66             115.8                         129.41                        0.06                          0.13                          
67             115.88                        129.21                        0.06                          0.13                          
68             116.03                        129.65                        0.06                          0.13                          
69             116.13                        129.61                        0.06                          0.13                          
70             116.27                        129.91                        0.06                          0.13                          
71             116.37                        130.2                         0.06                          0.13                          
72             116.52                        130.15                        0.06                          0.13                          
73             116.66                        130.19                        0.06                          0.13                          
74             116.76                        130.23                        0.06                          0.13                          
75             116.83                        130.37                        0.06                          0.13                          
76             116.99                        130.07                        0.06                          0.13                          
77             117.1                         130.47                        0.06                          0.13                          
78             117.15                        130.75                        0.06                          0.13                          
79             117.23                        130.36                        0.06                          0.13                          
80             117.3                         130.69                        0.06                          0.13                          
81             117.37                        130.89                        0.06                          0.13                          
82             117.48                        130.89                        0.06                          0.13                          
83             117.52                        130.57                        0.06                          0.13                          
84             117.66                        130.71                        0.06                          0.13                          
85             117.79                        130.87                        0.06                          0.13                          
86             117.79                        130.81                        0.06                          0.13                          
87             117.86                        130.91                        0.06                          0.13                          
88             118.02                        131.29                        0.06                          0.13                          
89             118.02                        131.22                        0.06                          0.13                          
90             118.14                        131.06                        0.06                          0.13                          
91             118.2                         131.36                        0.06                          0.13                          
92             118.28                        131.3                         0.06                          0.13                          
93             118.26                        131.45                        0.06                          0.13                          
94             118.31                        131.51                        0.06                          0.13                          
95             118.4                         131.87                        0.06                          0.13                          
96             118.48                        131.59                        0.05                          0.13                          
97             118.46                        131.54                        0.06                          0.13                          
98             118.49                        131.59                        0.05                          0.13                          
99             118.48                        131.61                        0.05                          0.13                          

