B       ###########   RawFitness
         1845027717          136

Gen                 AvgFit              BestFit 
0              100.04                        118.05                        0.07                          0.12                          
1              100.42                        117.98                        0.07                          0.12                          
2              100.75                        118.44                        0.07                          0.12                          
3              100.93                        118.1                         0.07                          0.12                          
4              101.23                        118.67                        0.07                          0.12                          
5              101.44                        118.47                        0.07                          0.12                          
6              101.38                        118.97                        0.07                          0.12                          
7              101.47                        119.03                        0.07                          0.12                          
8              101.55                        119.21                        0.07                          0.12                          
9              101.71                        119.62                        0.07                          0.12                          
10             101.87                        119.25                        0.07                          0.12                          
11             101.93                        119.45                        0.07                          0.12                          
12             102.04                        119.51                        0.07                          0.12                          
13             102.03                        119.45                        0.07                          0.12                          
14             102.04                        119.55                        0.07                          0.12                          
15             102.07                        119.25                        0.07                          0.12                          
16             101.98                        119.1                         0.07                          0.12                          
17             102.01                        119.17                        0.07                          0.12                          
18             102.04                        119.31                        0.07                          0.12                          
19             101.97                        119.24                        0.07                          0.12                          
20             102.03                        119.54                        0.07                          0.12                          
21             102.09                        119.25                        0.07                          0.12                          
22             101.99                        119.48                        0.07                          0.12                          
23             101.99                        118.97                        0.07                          0.12                          
24             101.95                        119.27                        0.07                          0.12                          
25             101.96                        119.0                         0.07                          0.12                          
26             101.89                        119.53                        0.07                          0.12                          
27             101.94                        119.23                        0.07                          0.12                          
28             101.95                        119.55                        0.07                          0.12                          
29             101.94                        119.39                        0.07                          0.12                          
30             101.97                        119.84                        0.07                          0.12                          
31             101.95                        119.57                        0.07                          0.12                          
32             102.03                        118.95                        0.07                          0.12                          
33             101.88                        119.44                        0.07                          0.12                          
34             102.05                        119.31                        0.07                          0.12                          
35             102.01                        119.5                         0.07                          0.12                          
36             101.98                        119.23                        0.07                          0.12                          
37             101.86                        118.94                        0.07                          0.12                          
38             101.77                        118.86                        0.07                          0.12                          
39             101.81                        119.02                        0.07                          0.12                          
40             101.77                        118.91                        0.07                          0.12                          
41             101.72                        119.01                        0.07                          0.12                          
42             101.82                        119.17                        0.07                          0.12                          
43             101.84                        119.13                        0.07                          0.12                          
44             101.85                        119.35                        0.07                          0.12                          
45             101.86                        119.21                        0.07                          0.12                          
46             101.85                        118.91                        0.07                          0.12                          
47             101.91                        118.99                        0.07                          0.12                          
48             101.81                        119.02                        0.07                          0.12                          
49             101.66                        119.03                        0.07                          0.12                          
50             101.63                        118.9                         0.07                          0.12                          
51             101.68                        119.16                        0.07                          0.12                          
52             101.8                         119.1                         0.07                          0.12                          
53             101.7                         119.25                        0.07                          0.12                          
54             101.76                        119.13                        0.07                          0.12                          
55             101.81                        119.16                        0.07                          0.12                          
56             101.82                        119.35                        0.07                          0.12                          
57             101.82                        119.51                        0.07                          0.12                          
58             101.86                        118.91                        0.07                          0.12                          
59             101.79                        118.89                        0.07                          0.12                          
60             101.75                        119.11                        0.07                          0.12                          
61             101.78                        119.13                        0.07                          0.12                          
62             101.78                        119.35                        0.07                          0.12                          
63             101.77                        119.15                        0.07                          0.12                          
64             101.74                        118.89                        0.07                          0.12                          
65             101.78                        119.07                        0.07                          0.12                          
66             101.81                        119.41                        0.07                          0.12                          
67             101.73                        119.2                         0.07                          0.12                          
68             101.66                        119.4                         0.07                          0.12                          
69             101.71                        119.15                        0.07                          0.12                          
70             101.72                        119.03                        0.07                          0.12                          
71             101.72                        118.84                        0.07                          0.12                          
72             101.77                        119.01                        0.07                          0.12                          
73             101.87                        119.33                        0.07                          0.12                          
74             101.92                        119.33                        0.07                          0.12                          
75             101.84                        119.37                        0.07                          0.12                          
76             101.87                        119.07                        0.07                          0.12                          
77             101.89                        119.05                        0.07                          0.12                          
78             101.85                        119.29                        0.07                          0.12                          
79             101.85                        119.16                        0.07                          0.12                          
80             101.93                        119.61                        0.07                          0.12                          
81             101.89                        119.18                        0.07                          0.12                          
82             101.97                        119.14                        0.07                          0.12                          
83             102.02                        119.07                        0.07                          0.12                          
84             101.89                        119.16                        0.07                          0.12                          
85             102.01                        118.9                         0.07                          0.12                          
86             102.06                        119.39                        0.07                          0.12                          
87             102.0                         119.46                        0.07                          0.12                          
88             101.96                        119.37                        0.07                          0.12                          
89             101.93                        119.01                        0.07                          0.12                          
90             101.91                        118.96                        0.07                          0.12                          
91             101.87                        118.89                        0.07                          0.12                          
92             101.88                        119.44                        0.07                          0.12                          
93             101.93                        119.67                        0.07                          0.12                          
94             101.96                        119.64                        0.07                          0.12                          
95             102.1                         119.63                        0.07                          0.12                          
96             102.09                        119.72                        0.07                          0.12                          
97             102.05                        119.71                        0.07                          0.12                          
98             102.02                        120.02                        0.07                          0.12                          
99             101.91                        119.38                        0.07                          0.12                          

