B       ###########   RawFitness
         1067253575          145

Gen                 AvgFit              BestFit 
0              100.03                        118.26                        0.07                          0.12                          
1              100.45                        118.13                        0.07                          0.12                          
2              100.79                        118.37                        0.07                          0.12                          
3              101.26                        118.07                        0.07                          0.12                          
4              101.82                        118.69                        0.07                          0.12                          
5              102.18                        118.96                        0.07                          0.12                          
6              102.62                        118.87                        0.07                          0.12                          
7              103.03                        119.37                        0.07                          0.12                          
8              103.36                        119.49                        0.07                          0.12                          
9              103.79                        120.28                        0.07                          0.12                          
10             104.15                        120.35                        0.07                          0.12                          
11             104.54                        120.51                        0.07                          0.12                          
12             104.77                        120.61                        0.07                          0.12                          
13             105.05                        121.07                        0.07                          0.12                          
14             105.44                        121.57                        0.07                          0.12                          
15             105.78                        121.37                        0.07                          0.12                          
16             105.95                        121.61                        0.07                          0.12                          
17             106.21                        121.58                        0.06                          0.12                          
18             106.44                        121.86                        0.06                          0.12                          
19             106.74                        121.96                        0.06                          0.12                          
20             106.93                        122.19                        0.06                          0.12                          
21             107.24                        122.57                        0.06                          0.12                          
22             107.48                        123.21                        0.06                          0.12                          
23             107.75                        123.38                        0.07                          0.12                          
24             107.99                        123.47                        0.06                          0.12                          
25             108.21                        123.78                        0.06                          0.12                          
26             108.3                         123.55                        0.06                          0.12                          
27             108.52                        123.89                        0.06                          0.12                          
28             108.61                        124.27                        0.06                          0.12                          
29             108.8                         124.26                        0.06                          0.12                          
30             108.98                        124.35                        0.06                          0.12                          
31             109.1                         124.41                        0.06                          0.12                          
32             109.28                        124.53                        0.06                          0.12                          
33             109.46                        124.41                        0.06                          0.12                          
34             109.62                        124.7                         0.06                          0.12                          
35             109.81                        124.82                        0.06                          0.12                          
36             109.97                        124.87                        0.06                          0.12                          
37             110.07                        124.87                        0.06                          0.12                          
38             110.21                        124.92                        0.06                          0.12                          
39             110.36                        125.65                        0.06                          0.13                          
40             110.47                        125.75                        0.06                          0.13                          
41             110.63                        125.57                        0.06                          0.13                          
42             110.79                        125.62                        0.06                          0.13                          
43             110.9                         126.01                        0.06                          0.13                          
44             111.05                        125.8                         0.06                          0.13                          
45             111.15                        126.13                        0.06                          0.13                          
46             111.37                        126.15                        0.06                          0.13                          
47             111.57                        126.31                        0.06                          0.13                          
48             111.69                        126.63                        0.06                          0.13                          
49             111.7                         126.79                        0.06                          0.13                          
50             111.85                        126.77                        0.06                          0.13                          
51             111.95                        126.85                        0.06                          0.13                          
52             112.06                        127.23                        0.06                          0.13                          
53             112.26                        127.29                        0.06                          0.13                          
54             112.33                        127.29                        0.06                          0.13                          
55             112.37                        127.49                        0.06                          0.13                          
56             112.5                         127.23                        0.06                          0.13                          
57             112.62                        127.46                        0.06                          0.13                          
58             112.69                        127.61                        0.06                          0.13                          
59             112.69                        127.6                         0.06                          0.13                          
60             112.68                        127.58                        0.06                          0.13                          
61             112.68                        127.4                         0.06                          0.13                          
62             112.75                        127.56                        0.06                          0.13                          
63             112.83                        127.55                        0.06                          0.13                          
64             112.8                         127.63                        0.06                          0.13                          
65             112.83                        127.26                        0.06                          0.13                          
66             112.92                        127.81                        0.06                          0.13                          
67             112.99                        127.9                         0.06                          0.13                          
68             113.03                        128.27                        0.06                          0.13                          
69             113.09                        128.6                         0.06                          0.13                          
70             113.24                        128.41                        0.06                          0.13                          
71             113.28                        128.43                        0.06                          0.13                          
72             113.39                        128.56                        0.06                          0.13                          
73             113.34                        127.93                        0.06                          0.13                          
74             113.42                        128.15                        0.06                          0.13                          
75             113.46                        128.56                        0.06                          0.13                          
76             113.55                        128.23                        0.06                          0.13                          
77             113.58                        128.17                        0.06                          0.13                          
78             113.58                        128.4                         0.06                          0.13                          
79             113.68                        128.55                        0.06                          0.13                          
80             113.84                        128.6                         0.06                          0.13                          
81             113.89                        128.55                        0.06                          0.13                          
82             113.99                        128.4                         0.06                          0.13                          
83             114.04                        128.53                        0.06                          0.13                          
84             114.12                        128.71                        0.06                          0.13                          
85             114.13                        128.64                        0.06                          0.13                          
86             114.08                        128.91                        0.06                          0.13                          
87             114.13                        129.03                        0.06                          0.13                          
88             114.23                        129.26                        0.06                          0.13                          
89             114.26                        129.25                        0.06                          0.13                          
90             114.21                        129.28                        0.06                          0.13                          
91             114.19                        129.26                        0.06                          0.13                          
92             114.27                        129.26                        0.06                          0.13                          
93             114.3                         128.97                        0.06                          0.13                          
94             114.42                        129.08                        0.06                          0.13                          
95             114.48                        129.2                         0.06                          0.13                          
96             114.52                        129.19                        0.06                          0.13                          
97             114.48                        129.18                        0.06                          0.13                          
98             114.56                        128.85                        0.06                          0.13                          
99             114.64                        128.89                        0.06                          0.13                          

