B       ###########   RawFitness
          251656513          150

Gen                 AvgFit              BestFit 
0              100.09                        117.81                        0.07                          0.12                          
1              100.46                        117.84                        0.07                          0.12                          
2              101.08                        118.19                        0.07                          0.12                          
3              101.45                        118.21                        0.07                          0.12                          
4              101.97                        118.81                        0.07                          0.12                          
5              102.51                        119.01                        0.07                          0.12                          
6              102.95                        119.19                        0.07                          0.12                          
7              103.41                        119.63                        0.07                          0.12                          
8              103.86                        120.21                        0.07                          0.12                          
9              104.24                        120.05                        0.07                          0.12                          
10             104.65                        120.78                        0.07                          0.12                          
11             105.05                        120.95                        0.07                          0.12                          
12             105.37                        121.11                        0.07                          0.12                          
13             105.81                        120.81                        0.06                          0.12                          
14             106.15                        121.17                        0.06                          0.12                          
15             106.54                        121.53                        0.06                          0.12                          
16             106.96                        121.87                        0.06                          0.12                          
17             107.31                        122.06                        0.06                          0.12                          
18             107.66                        122.3                         0.06                          0.12                          
19             107.98                        122.69                        0.06                          0.12                          
20             108.33                        122.9                         0.06                          0.12                          
21             108.71                        122.86                        0.06                          0.12                          
22             109.04                        123.42                        0.06                          0.12                          
23             109.45                        123.63                        0.06                          0.12                          
24             109.8                         123.73                        0.06                          0.12                          
25             110.17                        124.37                        0.06                          0.12                          
26             110.52                        124.52                        0.06                          0.12                          
27             110.74                        124.58                        0.06                          0.12                          
28             111.08                        124.79                        0.06                          0.12                          
29             111.3                         124.74                        0.06                          0.12                          
30             111.62                        125.15                        0.06                          0.13                          
31             111.88                        125.46                        0.06                          0.13                          
32             112.15                        125.63                        0.06                          0.13                          
33             112.34                        125.9                         0.06                          0.13                          
34             112.64                        126.21                        0.06                          0.13                          
35             112.93                        126.37                        0.06                          0.13                          
36             113.2                         126.48                        0.06                          0.13                          
37             113.55                        126.79                        0.06                          0.13                          
38             113.82                        126.88                        0.06                          0.13                          
39             113.96                        127.03                        0.06                          0.13                          
40             114.2                         127.08                        0.06                          0.13                          
41             114.51                        126.97                        0.05                          0.13                          
42             114.81                        127.77                        0.05                          0.13                          
43             115.02                        127.75                        0.05                          0.13                          
44             115.31                        127.88                        0.05                          0.13                          
45             115.57                        127.98                        0.05                          0.13                          
46             115.75                        128.07                        0.05                          0.13                          
47             115.99                        128.39                        0.05                          0.13                          
48             116.21                        128.16                        0.05                          0.13                          
49             116.39                        128.11                        0.05                          0.13                          
50             116.54                        128.34                        0.05                          0.13                          
51             116.67                        128.52                        0.05                          0.13                          
52             116.86                        128.61                        0.05                          0.13                          
53             117.09                        128.64                        0.05                          0.13                          
54             117.31                        128.79                        0.05                          0.13                          
55             117.54                        129.35                        0.05                          0.13                          
56             117.68                        129.13                        0.05                          0.13                          
57             117.82                        129.43                        0.05                          0.13                          
58             118.02                        129.53                        0.05                          0.13                          
59             118.18                        129.6                         0.05                          0.13                          
60             118.39                        129.89                        0.05                          0.13                          
61             118.53                        130.01                        0.05                          0.13                          
62             118.71                        130.15                        0.05                          0.13                          
63             118.89                        130.3                         0.05                          0.13                          
64             119.02                        130.11                        0.05                          0.13                          
65             119.15                        130.56                        0.05                          0.13                          
66             119.22                        130.61                        0.05                          0.13                          
67             119.41                        130.53                        0.05                          0.13                          
68             119.49                        130.46                        0.05                          0.13                          
69             119.62                        130.75                        0.05                          0.13                          
70             119.74                        130.77                        0.05                          0.13                          
71             119.9                         130.85                        0.05                          0.13                          
72             120.07                        131.06                        0.05                          0.13                          
73             120.18                        131.05                        0.05                          0.13                          
74             120.33                        131.19                        0.05                          0.13                          
75             120.44                        131.38                        0.05                          0.13                          
76             120.59                        131.51                        0.05                          0.13                          
77             120.74                        131.62                        0.05                          0.13                          
78             120.81                        131.52                        0.05                          0.13                          
79             121.03                        132.1                         0.05                          0.13                          
80             121.14                        132.0                         0.05                          0.13                          
81             121.2                         132.0                         0.05                          0.13                          
82             121.28                        132.13                        0.05                          0.13                          
83             121.45                        132.37                        0.05                          0.13                          
84             121.6                         132.05                        0.05                          0.13                          
85             121.73                        132.41                        0.05                          0.13                          
86             121.85                        132.55                        0.05                          0.13                          
87             121.94                        132.47                        0.05                          0.13                          
88             122.1                         132.45                        0.05                          0.13                          
89             122.17                        132.59                        0.05                          0.13                          
90             122.27                        132.49                        0.04                          0.13                          
91             122.39                        132.77                        0.04                          0.13                          
92             122.5                         132.82                        0.04                          0.13                          
93             122.64                        132.89                        0.04                          0.13                          
94             122.74                        133.08                        0.04                          0.13                          
95             122.78                        132.97                        0.04                          0.13                          
96             122.89                        133.04                        0.04                          0.13                          
97             122.99                        133.15                        0.04                          0.13                          
98             123.07                        133.33                        0.04                          0.13                          
99             123.16                        133.32                        0.04                          0.13                          

