B       ###########   RawFitness
        -1086948360          143

Gen                 AvgFit              BestFit 
0              99.98                         117.87                        0.07                          0.12                          
1              100.55                        117.36                        0.07                          0.12                          
2              101.09                        117.28                        0.07                          0.12                          
3              101.58                        117.27                        0.07                          0.12                          
4              102.08                        117.18                        0.07                          0.12                          
5              102.54                        117.35                        0.07                          0.12                          
6              103.1                         117.51                        0.07                          0.12                          
7              103.5                         117.63                        0.07                          0.12                          
8              103.86                        117.83                        0.07                          0.12                          
9              104.21                        118.14                        0.07                          0.12                          
10             104.63                        118.35                        0.06                          0.12                          
11             104.91                        118.47                        0.06                          0.12                          
12             105.28                        118.66                        0.06                          0.12                          
13             105.56                        118.82                        0.06                          0.12                          
14             105.96                        118.99                        0.06                          0.12                          
15             106.26                        119.43                        0.06                          0.12                          
16             106.52                        119.41                        0.06                          0.12                          
17             106.74                        119.43                        0.06                          0.12                          
18             107.02                        119.71                        0.06                          0.12                          
19             107.36                        120.03                        0.06                          0.12                          
20             107.57                        120.04                        0.06                          0.12                          
21             107.77                        120.21                        0.06                          0.12                          
22             108.01                        120.51                        0.06                          0.12                          
23             108.29                        120.37                        0.06                          0.12                          
24             108.57                        120.59                        0.06                          0.12                          
25             108.76                        120.79                        0.06                          0.12                          
26             108.96                        120.8                         0.06                          0.12                          
27             109.11                        120.92                        0.06                          0.12                          
28             109.3                         121.17                        0.06                          0.12                          
29             109.57                        121.37                        0.06                          0.12                          
30             109.84                        121.54                        0.06                          0.12                          
31             110.06                        121.75                        0.06                          0.12                          
32             110.26                        121.98                        0.06                          0.12                          
33             110.36                        122.21                        0.06                          0.12                          
34             110.62                        122.35                        0.06                          0.12                          
35             110.83                        122.37                        0.06                          0.12                          
36             110.92                        122.47                        0.06                          0.12                          
37             111.05                        122.51                        0.06                          0.12                          
38             111.22                        122.57                        0.06                          0.12                          
39             111.37                        122.69                        0.05                          0.12                          
40             111.57                        122.95                        0.05                          0.12                          
41             111.75                        123.24                        0.05                          0.12                          
42             111.81                        123.1                         0.05                          0.12                          
43             111.92                        123.22                        0.05                          0.12                          
44             112.12                        123.33                        0.05                          0.12                          
45             112.25                        123.23                        0.05                          0.12                          
46             112.37                        123.59                        0.05                          0.12                          
47             112.52                        123.74                        0.05                          0.12                          
48             112.61                        123.85                        0.05                          0.12                          
49             112.74                        124.09                        0.05                          0.12                          
50             112.83                        124.13                        0.05                          0.12                          
51             112.97                        124.11                        0.05                          0.12                          
52             113.11                        124.25                        0.05                          0.12                          
53             113.22                        124.15                        0.05                          0.12                          
54             113.3                         124.35                        0.05                          0.12                          
55             113.4                         124.3                         0.05                          0.12                          
56             113.48                        124.58                        0.05                          0.12                          
57             113.61                        124.55                        0.05                          0.12                          
58             113.73                        124.57                        0.05                          0.12                          
59             113.85                        124.56                        0.05                          0.12                          
60             113.96                        124.79                        0.05                          0.12                          
61             114.1                         125.02                        0.05                          0.13                          
62             114.18                        125.3                         0.05                          0.13                          
63             114.28                        125.37                        0.05                          0.13                          
64             114.36                        125.43                        0.05                          0.13                          
65             114.32                        125.45                        0.05                          0.13                          
66             114.47                        125.36                        0.05                          0.13                          
67             114.56                        125.49                        0.05                          0.13                          
68             114.67                        125.6                         0.05                          0.13                          
69             114.69                        125.69                        0.05                          0.13                          
70             114.7                         125.78                        0.05                          0.13                          
71             114.83                        125.87                        0.05                          0.13                          
72             114.95                        126.09                        0.05                          0.13                          
73             114.99                        126.12                        0.05                          0.13                          
74             115.06                        126.34                        0.05                          0.13                          
75             115.13                        126.55                        0.05                          0.13                          
76             115.23                        126.6                         0.05                          0.13                          
77             115.37                        126.66                        0.05                          0.13                          
78             115.4                         126.59                        0.05                          0.13                          
79             115.45                        126.59                        0.05                          0.13                          
80             115.5                         126.79                        0.05                          0.13                          
81             115.56                        126.63                        0.05                          0.13                          
82             115.6                         126.76                        0.05                          0.13                          
83             115.74                        127.04                        0.05                          0.13                          
84             115.75                        127.14                        0.05                          0.13                          
85             115.86                        127.03                        0.05                          0.13                          
86             115.91                        127.18                        0.05                          0.13                          
87             115.98                        127.25                        0.05                          0.13                          
88             116.01                        127.34                        0.05                          0.13                          
89             116.08                        127.29                        0.05                          0.13                          
90             116.13                        127.51                        0.05                          0.13                          
91             116.16                        127.37                        0.05                          0.13                          
92             116.24                        127.31                        0.05                          0.13                          
93             116.29                        127.37                        0.05                          0.13                          
94             116.46                        127.59                        0.05                          0.13                          
95             116.58                        127.67                        0.05                          0.13                          
96             116.61                        127.83                        0.05                          0.13                          
97             116.61                        127.95                        0.05                          0.13                          
98             116.67                        128.09                        0.05                          0.13                          
99             116.69                        127.91                        0.05                          0.13                          

