B       ###########   RawFitness
         2137253571          147

Gen                 AvgFit              BestFit 
0              99.96                         117.74                        0.07                          0.12                          
1              100.38                        117.12                        0.07                          0.12                          
2              100.93                        117.38                        0.07                          0.12                          
3              101.38                        117.55                        0.07                          0.12                          
4              101.84                        117.83                        0.07                          0.12                          
5              102.3                         117.95                        0.07                          0.12                          
6              102.68                        118.08                        0.07                          0.12                          
7              103.05                        118.52                        0.07                          0.12                          
8              103.47                        118.82                        0.07                          0.12                          
9              103.9                         119.28                        0.06                          0.12                          
10             104.27                        119.54                        0.06                          0.12                          
11             104.61                        119.61                        0.06                          0.12                          
12             104.99                        119.75                        0.06                          0.12                          
13             105.46                        120.19                        0.06                          0.12                          
14             105.8                         120.54                        0.06                          0.12                          
15             106.1                         120.64                        0.06                          0.12                          
16             106.37                        120.69                        0.06                          0.12                          
17             106.57                        120.67                        0.06                          0.12                          
18             106.89                        121.32                        0.06                          0.12                          
19             107.16                        121.41                        0.06                          0.12                          
20             107.32                        121.78                        0.06                          0.12                          
21             107.5                         121.99                        0.06                          0.12                          
22             107.78                        121.99                        0.06                          0.12                          
23             108.06                        122.38                        0.06                          0.12                          
24             108.38                        122.32                        0.06                          0.12                          
25             108.68                        122.18                        0.06                          0.12                          
26             108.9                         122.71                        0.06                          0.12                          
27             109.13                        122.9                         0.06                          0.12                          
28             109.43                        123.16                        0.06                          0.12                          
29             109.63                        123.37                        0.06                          0.12                          
30             109.87                        123.47                        0.06                          0.12                          
31             110.06                        123.46                        0.06                          0.12                          
32             110.28                        123.77                        0.06                          0.12                          
33             110.53                        124.01                        0.06                          0.12                          
34             110.78                        123.99                        0.06                          0.12                          
35             110.88                        124.02                        0.06                          0.12                          
36             111.15                        124.17                        0.06                          0.12                          
37             111.3                         124.39                        0.06                          0.12                          
38             111.43                        124.71                        0.06                          0.12                          
39             111.65                        124.76                        0.06                          0.12                          
40             111.89                        125.1                         0.06                          0.13                          
41             111.98                        125.29                        0.06                          0.13                          
42             112.2                         125.5                         0.06                          0.13                          
43             112.33                        125.56                        0.06                          0.13                          
44             112.52                        126.07                        0.06                          0.13                          
45             112.74                        126.05                        0.06                          0.13                          
46             112.9                         126.22                        0.06                          0.13                          
47             113.07                        126.1                         0.06                          0.13                          
48             113.22                        125.87                        0.06                          0.13                          
49             113.34                        126.08                        0.06                          0.13                          
50             113.49                        126.37                        0.06                          0.13                          
51             113.6                         126.5                         0.06                          0.13                          
52             113.71                        126.67                        0.06                          0.13                          
53             113.88                        126.83                        0.06                          0.13                          
54             114.08                        127.0                         0.06                          0.13                          
55             114.23                        127.03                        0.06                          0.13                          
56             114.4                         127.21                        0.06                          0.13                          
57             114.57                        127.01                        0.06                          0.13                          
58             114.67                        127.31                        0.06                          0.13                          
59             114.88                        127.57                        0.05                          0.13                          
60             115.02                        127.81                        0.05                          0.13                          
61             115.13                        128.04                        0.06                          0.13                          
62             115.28                        127.95                        0.06                          0.13                          
63             115.35                        128.07                        0.06                          0.13                          
64             115.45                        128.08                        0.06                          0.13                          
65             115.59                        128.0                         0.06                          0.13                          
66             115.65                        128.17                        0.06                          0.13                          
67             115.74                        128.45                        0.06                          0.13                          
68             115.9                         128.39                        0.06                          0.13                          
69             116.05                        128.71                        0.06                          0.13                          
70             116.16                        128.75                        0.06                          0.13                          
71             116.3                         128.92                        0.06                          0.13                          
72             116.4                         128.99                        0.05                          0.13                          
73             116.44                        128.91                        0.05                          0.13                          
74             116.46                        128.97                        0.05                          0.13                          
75             116.51                        128.93                        0.05                          0.13                          
76             116.54                        129.16                        0.05                          0.13                          
77             116.67                        129.38                        0.05                          0.13                          
78             116.76                        129.46                        0.05                          0.13                          
79             116.84                        129.57                        0.05                          0.13                          
80             116.91                        129.57                        0.05                          0.13                          
81             117.02                        129.53                        0.05                          0.13                          
82             117.02                        129.53                        0.05                          0.13                          
83             117.15                        129.51                        0.05                          0.13                          
84             117.25                        129.71                        0.05                          0.13                          
85             117.23                        129.54                        0.05                          0.13                          
86             117.28                        129.74                        0.05                          0.13                          
87             117.35                        129.91                        0.05                          0.13                          
88             117.45                        129.98                        0.05                          0.13                          
89             117.47                        129.94                        0.05                          0.13                          
90             117.51                        129.9                         0.05                          0.13                          
91             117.49                        130.0                         0.05                          0.13                          
92             117.65                        130.21                        0.05                          0.13                          
93             117.67                        129.83                        0.05                          0.13                          
94             117.68                        130.02                        0.05                          0.13                          
95             117.84                        130.17                        0.05                          0.13                          
96             117.9                         130.43                        0.05                          0.13                          
97             117.93                        130.39                        0.05                          0.13                          
98             118.01                        130.56                        0.05                          0.13                          
99             118.1                         130.89                        0.05                          0.13                          

