B       ###########   RawFitness
          -73404697          151

Gen                 AvgFit              BestFit 
0              100.07                        118.01                        0.07                          0.12                          
1              100.55                        117.94                        0.07                          0.12                          
2              100.84                        118.13                        0.07                          0.12                          
3              101.2                         118.42                        0.07                          0.12                          
4              101.67                        118.21                        0.07                          0.12                          
5              102.07                        118.79                        0.07                          0.12                          
6              102.59                        119.11                        0.07                          0.12                          
7              103.01                        119.03                        0.07                          0.12                          
8              103.45                        119.46                        0.07                          0.12                          
9              103.83                        119.69                        0.07                          0.12                          
10             104.26                        120.29                        0.07                          0.12                          
11             104.71                        120.88                        0.07                          0.12                          
12             105.05                        120.95                        0.07                          0.12                          
13             105.38                        121.21                        0.07                          0.12                          
14             105.81                        121.51                        0.07                          0.12                          
15             106.13                        121.97                        0.07                          0.12                          
16             106.43                        122.13                        0.06                          0.12                          
17             106.82                        122.22                        0.06                          0.12                          
18             107.14                        122.48                        0.06                          0.12                          
19             107.32                        122.64                        0.06                          0.12                          
20             107.69                        122.95                        0.06                          0.12                          
21             107.93                        123.3                         0.06                          0.12                          
22             108.21                        123.46                        0.06                          0.12                          
23             108.42                        123.65                        0.06                          0.12                          
24             108.73                        123.6                         0.06                          0.12                          
25             109.08                        124.05                        0.06                          0.12                          
26             109.37                        124.3                         0.06                          0.12                          
27             109.63                        124.17                        0.06                          0.12                          
28             109.9                         124.61                        0.06                          0.12                          
29             110.08                        124.53                        0.06                          0.12                          
30             110.29                        125.08                        0.06                          0.13                          
31             110.61                        125.21                        0.06                          0.13                          
32             110.83                        125.65                        0.06                          0.13                          
33             111.06                        125.71                        0.06                          0.13                          
34             111.22                        125.9                         0.06                          0.13                          
35             111.36                        125.85                        0.06                          0.13                          
36             111.57                        125.93                        0.06                          0.13                          
37             111.84                        126.35                        0.06                          0.13                          
38             112.03                        126.16                        0.06                          0.13                          
39             112.22                        126.52                        0.06                          0.13                          
40             112.33                        126.79                        0.06                          0.13                          
41             112.45                        126.94                        0.06                          0.13                          
42             112.6                         127.25                        0.06                          0.13                          
43             112.82                        127.1                         0.06                          0.13                          
44             112.93                        127.22                        0.06                          0.13                          
45             113.07                        127.01                        0.06                          0.13                          
46             113.21                        127.23                        0.06                          0.13                          
47             113.45                        127.42                        0.06                          0.13                          
48             113.56                        127.74                        0.06                          0.13                          
49             113.78                        128.07                        0.06                          0.13                          
50             114.0                         128.3                         0.06                          0.13                          
51             114.12                        128.28                        0.06                          0.13                          
52             114.25                        128.57                        0.06                          0.13                          
53             114.39                        128.25                        0.06                          0.13                          
54             114.51                        128.47                        0.06                          0.13                          
55             114.63                        128.73                        0.06                          0.13                          
56             114.75                        128.72                        0.06                          0.13                          
57             114.9                         128.85                        0.06                          0.13                          
58             115.06                        129.35                        0.06                          0.13                          
59             115.26                        129.32                        0.06                          0.13                          
60             115.35                        129.33                        0.06                          0.13                          
61             115.45                        129.17                        0.06                          0.13                          
62             115.64                        129.6                         0.06                          0.13                          
63             115.71                        129.51                        0.06                          0.13                          
64             115.76                        129.83                        0.06                          0.13                          
65             115.9                         129.65                        0.06                          0.13                          
66             116.03                        129.97                        0.06                          0.13                          
67             116.16                        130.03                        0.06                          0.13                          
68             116.23                        130.23                        0.06                          0.13                          
69             116.33                        130.23                        0.06                          0.13                          
70             116.52                        130.7                         0.06                          0.13                          
71             116.59                        130.5                         0.06                          0.13                          
72             116.68                        131.09                        0.06                          0.13                          
73             116.81                        130.7                         0.06                          0.13                          
74             116.91                        131.01                        0.06                          0.13                          
75             117.03                        130.83                        0.06                          0.13                          
76             117.1                         130.93                        0.06                          0.13                          
77             117.19                        130.92                        0.06                          0.13                          
78             117.28                        130.87                        0.06                          0.13                          
79             117.43                        131.03                        0.06                          0.13                          
80             117.51                        131.12                        0.06                          0.13                          
81             117.56                        131.13                        0.06                          0.13                          
82             117.7                         131.33                        0.06                          0.13                          
83             117.85                        131.54                        0.06                          0.13                          
84             117.9                         131.41                        0.06                          0.13                          
85             118.01                        131.8                         0.06                          0.13                          
86             118.17                        131.81                        0.06                          0.13                          
87             118.22                        131.72                        0.06                          0.13                          
88             118.31                        131.71                        0.06                          0.13                          
89             118.33                        131.86                        0.06                          0.13                          
90             118.42                        132.15                        0.06                          0.13                          
91             118.48                        132.17                        0.06                          0.13                          
92             118.61                        132.32                        0.06                          0.13                          
93             118.81                        132.37                        0.06                          0.13                          
94             118.91                        132.75                        0.06                          0.13                          
95             119.02                        132.81                        0.06                          0.13                          
96             119.12                        132.66                        0.06                          0.13                          
97             119.19                        132.76                        0.06                          0.13                          
98             119.31                        133.31                        0.06                          0.13                          
99             119.44                        133.15                        0.06                          0.13                          

