B       ###########   RawFitness
         2143256419          185

Gen                 AvgFit              BestFit 
0              100.04                        117.78                        0.07                          0.12                          
1              101.87                        118.61                        0.07                          0.12                          
2              103.8                         119.68                        0.07                          0.12                          
3              105.59                        121.11                        0.06                          0.12                          
4              107.28                        122.33                        0.06                          0.12                          
5              108.91                        123.64                        0.06                          0.12                          
6              110.49                        124.71                        0.06                          0.12                          
7              112.08                        126.01                        0.06                          0.13                          
8              113.6                         127.11                        0.06                          0.13                          
9              115.02                        128.25                        0.06                          0.13                          
10             116.4                         129.31                        0.06                          0.13                          
11             117.8                         130.08                        0.05                          0.13                          
12             119.12                        131.15                        0.05                          0.13                          
13             120.4                         132.26                        0.05                          0.13                          
14             121.59                        133.24                        0.05                          0.13                          
15             122.76                        134.32                        0.05                          0.13                          
16             123.92                        135.02                        0.05                          0.14                          
17             125.02                        136.05                        0.05                          0.14                          
18             126.06                        136.99                        0.05                          0.14                          
19             127.07                        137.98                        0.05                          0.14                          
20             128.1                         138.57                        0.05                          0.14                          
21             129.09                        139.42                        0.05                          0.14                          
22             130.08                        140.38                        0.04                          0.14                          
23             131.0                         141.19                        0.04                          0.14                          
24             131.88                        142.04                        0.04                          0.14                          
25             132.77                        142.73                        0.04                          0.14                          
26             133.55                        143.38                        0.04                          0.14                          
27             134.4                         144.13                        0.04                          0.14                          
28             135.19                        144.92                        0.04                          0.14                          
29             135.99                        145.62                        0.04                          0.15                          
30             136.82                        146.34                        0.04                          0.15                          
31             137.56                        147.12                        0.04                          0.15                          
32             138.32                        147.76                        0.04                          0.15                          
33             139.05                        148.47                        0.04                          0.15                          
34             139.76                        149.07                        0.04                          0.15                          
35             140.47                        149.79                        0.04                          0.15                          
36             141.17                        150.29                        0.04                          0.15                          
37             141.88                        150.92                        0.04                          0.15                          
38             142.56                        151.56                        0.04                          0.15                          
39             143.22                        151.95                        0.04                          0.15                          
40             143.83                        152.49                        0.04                          0.15                          
41             144.44                        153.2                         0.04                          0.15                          
42             145.01                        153.75                        0.04                          0.15                          
43             145.55                        154.26                        0.04                          0.15                          
44             146.15                        154.84                        0.04                          0.15                          
45             146.74                        155.27                        0.04                          0.16                          
46             147.27                        155.99                        0.04                          0.16                          
47             147.78                        156.33                        0.04                          0.16                          
48             148.35                        156.9                         0.04                          0.16                          
49             148.89                        157.4                         0.04                          0.16                          
50             149.41                        157.91                        0.04                          0.16                          
51             149.92                        158.37                        0.04                          0.16                          
52             150.4                         158.75                        0.04                          0.16                          
53             150.88                        159.21                        0.04                          0.16                          
54             151.32                        159.76                        0.04                          0.16                          
55             151.82                        160.15                        0.04                          0.16                          
56             152.27                        160.76                        0.04                          0.16                          
57             152.74                        161.22                        0.04                          0.16                          
58             153.2                         161.54                        0.04                          0.16                          
59             153.64                        162.01                        0.04                          0.16                          
60             154.06                        162.46                        0.04                          0.16                          
61             154.49                        162.82                        0.04                          0.16                          
62             154.92                        163.24                        0.04                          0.16                          
63             155.38                        163.62                        0.04                          0.16                          
64             155.78                        164.16                        0.04                          0.16                          
65             156.2                         164.55                        0.04                          0.16                          
66             156.57                        164.82                        0.04                          0.16                          
67             156.97                        165.17                        0.04                          0.17                          
68             157.38                        165.43                        0.04                          0.17                          
69             157.78                        165.83                        0.04                          0.17                          
70             158.18                        166.36                        0.04                          0.17                          
71             158.56                        166.67                        0.04                          0.17                          
72             158.96                        166.92                        0.03                          0.17                          
73             159.34                        167.5                         0.04                          0.17                          
74             159.7                         167.78                        0.04                          0.17                          
75             160.04                        167.99                        0.04                          0.17                          
76             160.4                         168.29                        0.03                          0.17                          
77             160.76                        168.62                        0.03                          0.17                          
78             161.12                        169.02                        0.03                          0.17                          
79             161.46                        169.41                        0.03                          0.17                          
80             161.82                        169.76                        0.03                          0.17                          
81             162.16                        170.14                        0.03                          0.17                          
82             162.45                        170.51                        0.03                          0.17                          
83             162.74                        170.61                        0.03                          0.17                          
84             163.02                        170.92                        0.03                          0.17                          
85             163.28                        171.21                        0.03                          0.17                          
86             163.65                        171.68                        0.03                          0.17                          
87             164.02                        171.84                        0.03                          0.17                          
88             164.31                        172.14                        0.03                          0.17                          
89             164.65                        172.31                        0.03                          0.17                          
90             164.96                        172.7                         0.03                          0.17                          
91             165.24                        173.02                        0.03                          0.17                          
92             165.54                        173.34                        0.03                          0.17                          
93             165.8                         173.56                        0.03                          0.17                          
94             166.07                        173.91                        0.03                          0.17                          
95             166.36                        173.94                        0.03                          0.17                          
96             166.64                        174.46                        0.03                          0.17                          
97             166.88                        174.67                        0.03                          0.17                          
98             167.13                        174.81                        0.03                          0.17                          
99             167.38                        175.06                        0.03                          0.18                          

