B       ###########   RawFitness
        -1112077576          136

Gen                 AvgFit              BestFit 
0              100.1                         118.19                        0.07                          0.12                          
1              100.0                         117.27                        0.07                          0.12                          
2              99.97                         117.03                        0.07                          0.12                          
3              100.04                        116.88                        0.07                          0.12                          
4              99.99                         116.76                        0.07                          0.12                          
5              99.97                         116.35                        0.07                          0.12                          
6              99.96                         116.65                        0.07                          0.12                          
7              100.01                        116.37                        0.07                          0.12                          
8              99.99                         116.71                        0.07                          0.12                          
9              99.99                         116.37                        0.07                          0.12                          
10             99.98                         116.55                        0.07                          0.12                          
11             99.96                         116.23                        0.07                          0.12                          
12             99.95                         116.41                        0.07                          0.12                          
13             99.88                         115.88                        0.07                          0.12                          
14             99.86                         115.83                        0.07                          0.12                          
15             99.88                         116.2                         0.07                          0.12                          
16             99.9                          115.88                        0.07                          0.12                          
17             99.83                         115.71                        0.07                          0.12                          
18             99.88                         115.49                        0.07                          0.12                          
19             99.92                         115.9                         0.07                          0.12                          
20             99.94                         115.78                        0.07                          0.12                          
21             99.92                         115.78                        0.06                          0.12                          
22             99.88                         115.49                        0.06                          0.12                          
23             99.88                         115.81                        0.06                          0.12                          
24             99.89                         115.69                        0.06                          0.12                          
25             99.87                         115.52                        0.06                          0.12                          
26             99.82                         115.51                        0.06                          0.12                          
27             99.87                         115.32                        0.06                          0.12                          
28             99.85                         115.23                        0.06                          0.12                          
29             99.74                         114.91                        0.06                          0.11                          
30             99.77                         114.96                        0.06                          0.11                          
31             99.77                         114.98                        0.06                          0.11                          
32             99.78                         115.04                        0.06                          0.12                          
33             99.73                         115.11                        0.06                          0.12                          
34             99.72                         114.95                        0.06                          0.11                          
35             99.76                         114.9                         0.06                          0.11                          
36             99.78                         114.97                        0.06                          0.11                          
37             99.77                         115.12                        0.06                          0.12                          
38             99.84                         114.91                        0.06                          0.11                          
39             99.87                         115.11                        0.06                          0.12                          
40             99.85                         114.94                        0.06                          0.11                          
41             99.87                         115.02                        0.06                          0.12                          
42             99.82                         115.12                        0.06                          0.12                          
43             99.9                          115.06                        0.06                          0.12                          
44             99.85                         115.02                        0.06                          0.12                          
45             99.83                         114.6                         0.06                          0.11                          
46             99.78                         114.78                        0.06                          0.11                          
47             99.81                         114.64                        0.06                          0.11                          
48             99.81                         114.63                        0.06                          0.11                          
49             99.8                          114.55                        0.06                          0.11                          
50             99.87                         114.77                        0.06                          0.11                          
51             99.88                         114.78                        0.06                          0.11                          
52             99.92                         114.91                        0.06                          0.11                          
53             99.97                         114.62                        0.06                          0.11                          
54             99.84                         114.26                        0.06                          0.11                          
55             99.86                         114.29                        0.06                          0.11                          
56             99.81                         114.25                        0.06                          0.11                          
57             99.78                         114.66                        0.06                          0.11                          
58             99.79                         114.61                        0.06                          0.11                          
59             99.78                         114.24                        0.06                          0.11                          
60             99.84                         114.51                        0.06                          0.11                          
61             99.82                         114.49                        0.06                          0.11                          
62             99.84                         114.45                        0.06                          0.11                          
63             99.77                         114.35                        0.06                          0.11                          
64             99.79                         114.41                        0.06                          0.11                          
65             99.79                         114.34                        0.06                          0.11                          
66             99.79                         114.36                        0.06                          0.11                          
67             99.8                          114.58                        0.06                          0.11                          
68             99.76                         114.69                        0.06                          0.11                          
69             99.76                         114.48                        0.06                          0.11                          
70             99.73                         114.38                        0.06                          0.11                          
71             99.76                         114.33                        0.06                          0.11                          
72             99.76                         114.33                        0.06                          0.11                          
73             99.82                         114.35                        0.06                          0.11                          
74             99.8                          114.12                        0.06                          0.11                          
75             99.79                         114.04                        0.06                          0.11                          
76             99.78                         113.7                         0.06                          0.11                          
77             99.76                         113.79                        0.06                          0.11                          
78             99.79                         114.05                        0.06                          0.11                          
79             99.81                         114.38                        0.06                          0.11                          
80             99.8                          114.39                        0.06                          0.11                          
81             99.83                         114.11                        0.06                          0.11                          
82             99.82                         113.89                        0.06                          0.11                          
83             99.79                         113.92                        0.06                          0.11                          
84             99.74                         114.1                         0.06                          0.11                          
85             99.71                         114.13                        0.06                          0.11                          
86             99.7                          113.91                        0.06                          0.11                          
87             99.74                         114.1                         0.06                          0.11                          
88             99.77                         114.1                         0.06                          0.11                          
89             99.76                         113.99                        0.06                          0.11                          
90             99.78                         113.74                        0.06                          0.11                          
91             99.76                         113.84                        0.06                          0.11                          
92             99.76                         113.63                        0.06                          0.11                          
93             99.73                         113.81                        0.06                          0.11                          
94             99.74                         113.63                        0.06                          0.11                          
95             99.72                         113.95                        0.06                          0.11                          
96             99.74                         114.1                         0.06                          0.11                          
97             99.75                         114.0                         0.06                          0.11                          
98             99.74                         113.84                        0.06                          0.11                          
99             99.77                         113.86                        0.06                          0.11                          

