B       ###########   RawFitness
         -302170436          146

Gen                 AvgFit              BestFit 
0              100.08                        117.81                        0.07                          0.12                          
1              100.45                        117.75                        0.07                          0.12                          
2              100.88                        117.71                        0.07                          0.12                          
3              101.27                        117.77                        0.07                          0.12                          
4              101.73                        118.31                        0.07                          0.12                          
5              102.17                        118.87                        0.07                          0.12                          
6              102.58                        118.6                         0.07                          0.12                          
7              103.05                        119.13                        0.07                          0.12                          
8              103.4                         119.76                        0.07                          0.12                          
9              103.84                        120.01                        0.07                          0.12                          
10             104.17                        119.92                        0.07                          0.12                          
11             104.49                        120.11                        0.07                          0.12                          
12             104.85                        120.52                        0.07                          0.12                          
13             105.26                        121.11                        0.07                          0.12                          
14             105.65                        121.42                        0.07                          0.12                          
15             106.07                        121.76                        0.07                          0.12                          
16             106.44                        121.88                        0.07                          0.12                          
17             106.73                        121.99                        0.06                          0.12                          
18             107.0                         122.26                        0.06                          0.12                          
19             107.2                         122.53                        0.06                          0.12                          
20             107.44                        122.35                        0.06                          0.12                          
21             107.7                         122.82                        0.06                          0.12                          
22             108.01                        123.11                        0.06                          0.12                          
23             108.33                        123.22                        0.06                          0.12                          
24             108.7                         123.41                        0.06                          0.12                          
25             108.95                        123.96                        0.06                          0.12                          
26             109.12                        123.8                         0.06                          0.12                          
27             109.35                        123.93                        0.06                          0.12                          
28             109.64                        124.35                        0.06                          0.12                          
29             109.89                        124.41                        0.06                          0.12                          
30             110.13                        124.68                        0.06                          0.12                          
31             110.34                        124.81                        0.06                          0.12                          
32             110.63                        125.15                        0.06                          0.13                          
33             110.86                        125.4                         0.06                          0.13                          
34             111.11                        125.51                        0.06                          0.13                          
35             111.27                        125.68                        0.06                          0.13                          
36             111.45                        125.87                        0.06                          0.13                          
37             111.68                        125.93                        0.06                          0.13                          
38             111.85                        126.1                         0.06                          0.13                          
39             112.04                        126.02                        0.06                          0.13                          
40             112.27                        126.38                        0.06                          0.13                          
41             112.38                        126.39                        0.06                          0.13                          
42             112.52                        126.54                        0.06                          0.13                          
43             112.67                        126.74                        0.06                          0.13                          
44             112.9                         126.71                        0.06                          0.13                          
45             113.03                        127.1                         0.06                          0.13                          
46             113.25                        127.17                        0.06                          0.13                          
47             113.36                        127.34                        0.06                          0.13                          
48             113.6                         127.61                        0.06                          0.13                          
49             113.75                        127.78                        0.06                          0.13                          
50             113.9                         127.88                        0.06                          0.13                          
51             114.06                        127.98                        0.06                          0.13                          
52             114.22                        128.14                        0.06                          0.13                          
53             114.45                        128.38                        0.06                          0.13                          
54             114.55                        128.36                        0.06                          0.13                          
55             114.62                        128.39                        0.06                          0.13                          
56             114.74                        128.32                        0.06                          0.13                          
57             114.87                        128.5                         0.06                          0.13                          
58             114.95                        128.58                        0.06                          0.13                          
59             115.03                        128.65                        0.06                          0.13                          
60             115.13                        128.7                         0.06                          0.13                          
61             115.22                        128.7                         0.06                          0.13                          
62             115.36                        128.57                        0.06                          0.13                          
63             115.51                        128.79                        0.06                          0.13                          
64             115.64                        128.92                        0.06                          0.13                          
65             115.77                        129.26                        0.06                          0.13                          
66             115.9                         129.47                        0.06                          0.13                          
67             116.02                        129.25                        0.06                          0.13                          
68             116.16                        129.76                        0.06                          0.13                          
69             116.25                        129.76                        0.06                          0.13                          
70             116.4                         130.07                        0.06                          0.13                          
71             116.52                        130.25                        0.06                          0.13                          
72             116.66                        130.17                        0.06                          0.13                          
73             116.75                        130.26                        0.06                          0.13                          
74             116.89                        130.21                        0.06                          0.13                          
75             116.96                        130.51                        0.06                          0.13                          
76             117.11                        130.25                        0.06                          0.13                          
77             117.2                         130.42                        0.06                          0.13                          
78             117.31                        130.75                        0.06                          0.13                          
79             117.37                        130.44                        0.06                          0.13                          
80             117.46                        130.76                        0.06                          0.13                          
81             117.55                        131.05                        0.06                          0.13                          
82             117.66                        131.15                        0.06                          0.13                          
83             117.7                         130.84                        0.06                          0.13                          
84             117.85                        130.95                        0.06                          0.13                          
85             117.97                        131.1                         0.06                          0.13                          
86             117.98                        131.18                        0.06                          0.13                          
87             118.05                        131.33                        0.06                          0.13                          
88             118.21                        131.52                        0.06                          0.13                          
89             118.19                        131.46                        0.06                          0.13                          
90             118.3                         131.4                         0.06                          0.13                          
91             118.35                        131.57                        0.06                          0.13                          
92             118.42                        131.53                        0.06                          0.13                          
93             118.43                        131.69                        0.06                          0.13                          
94             118.48                        131.76                        0.06                          0.13                          
95             118.57                        132.13                        0.06                          0.13                          
96             118.64                        131.83                        0.06                          0.13                          
97             118.65                        131.82                        0.06                          0.13                          
98             118.71                        131.88                        0.05                          0.13                          
99             118.72                        131.82                        0.05                          0.13                          

