B       ###########   RawFitness
         2147483479          199

Gen                 AvgFit              BestFit 
0              100.06                        117.67                        0.07                          0.12                          
1              103.8                         119.17                        0.06                          0.12                          
2              107.12                        121.29                        0.06                          0.12                          
3              110.11                        123.27                        0.05                          0.12                          
4              112.94                        125.49                        0.05                          0.13                          
5              115.54                        127.44                        0.05                          0.13                          
6              118.05                        129.57                        0.05                          0.13                          
7              120.34                        131.47                        0.04                          0.13                          
8              122.57                        133.19                        0.04                          0.13                          
9              124.66                        134.68                        0.04                          0.13                          
10             126.63                        136.15                        0.04                          0.14                          
11             128.49                        137.7                         0.04                          0.14                          
12             130.24                        139.26                        0.04                          0.14                          
13             131.92                        140.59                        0.04                          0.14                          
14             133.52                        142.18                        0.03                          0.14                          
15             135.05                        143.61                        0.03                          0.14                          
16             136.45                        144.7                         0.03                          0.14                          
17             137.86                        145.98                        0.03                          0.15                          
18             139.26                        147.23                        0.03                          0.15                          
19             140.62                        148.59                        0.03                          0.15                          
20             141.93                        149.65                        0.03                          0.15                          
21             143.22                        150.66                        0.03                          0.15                          
22             144.44                        151.71                        0.03                          0.15                          
23             145.66                        152.85                        0.03                          0.15                          
24             146.81                        153.99                        0.03                          0.15                          
25             147.91                        154.99                        0.03                          0.15                          
26             148.99                        156.03                        0.03                          0.16                          
27             150.07                        156.88                        0.03                          0.16                          
28             151.09                        157.92                        0.03                          0.16                          
29             152.09                        158.72                        0.03                          0.16                          
30             153.09                        159.65                        0.03                          0.16                          
31             153.98                        160.48                        0.03                          0.16                          
32             154.9                         161.28                        0.03                          0.16                          
33             155.81                        162.25                        0.03                          0.16                          
34             156.68                        162.98                        0.03                          0.16                          
35             157.51                        163.82                        0.03                          0.16                          
36             158.36                        164.78                        0.03                          0.16                          
37             159.19                        165.49                        0.03                          0.17                          
38             160.02                        166.33                        0.03                          0.17                          
39             160.82                        166.98                        0.03                          0.17                          
40             161.62                        167.86                        0.03                          0.17                          
41             162.42                        168.52                        0.03                          0.17                          
42             163.16                        169.17                        0.02                          0.17                          
43             163.9                         169.97                        0.02                          0.17                          
44             164.6                         170.59                        0.02                          0.17                          
45             165.27                        171.26                        0.02                          0.17                          
46             165.97                        172.09                        0.02                          0.17                          
47             166.63                        172.66                        0.02                          0.17                          
48             167.28                        173.25                        0.02                          0.17                          
49             167.9                         173.86                        0.02                          0.17                          
50             168.54                        174.47                        0.02                          0.17                          
51             169.14                        175.09                        0.02                          0.18                          
52             169.77                        175.5                         0.02                          0.18                          
53             170.37                        175.99                        0.02                          0.18                          
54             170.96                        176.5                         0.02                          0.18                          
55             171.54                        177.09                        0.02                          0.18                          
56             172.08                        177.69                        0.02                          0.18                          
57             172.63                        178.29                        0.02                          0.18                          
58             173.16                        178.81                        0.02                          0.18                          
59             173.72                        179.25                        0.02                          0.18                          
60             174.24                        179.72                        0.02                          0.18                          
61             174.76                        180.26                        0.02                          0.18                          
62             175.29                        180.78                        0.02                          0.18                          
63             175.81                        181.29                        0.02                          0.18                          
64             176.28                        181.74                        0.02                          0.18                          
65             176.74                        182.11                        0.02                          0.18                          
66             177.21                        182.62                        0.02                          0.18                          
67             177.68                        183.08                        0.02                          0.18                          
68             178.16                        183.47                        0.02                          0.18                          
69             178.61                        183.95                        0.02                          0.18                          
70             179.02                        184.3                         0.02                          0.18                          
71             179.43                        184.77                        0.02                          0.18                          
72             179.86                        185.12                        0.02                          0.19                          
73             180.26                        185.62                        0.02                          0.19                          
74             180.68                        186.01                        0.02                          0.19                          
75             181.09                        186.3                         0.02                          0.19                          
76             181.49                        186.69                        0.02                          0.19                          
77             181.87                        186.97                        0.02                          0.19                          
78             182.23                        187.33                        0.02                          0.19                          
79             182.6                         187.69                        0.02                          0.19                          
80             182.95                        188.03                        0.02                          0.19                          
81             183.3                         188.3                         0.02                          0.19                          
82             183.62                        188.56                        0.02                          0.19                          
83             183.95                        189.0                         0.02                          0.19                          
84             184.28                        189.29                        0.02                          0.19                          
85             184.62                        189.58                        0.02                          0.19                          
86             184.92                        189.93                        0.02                          0.19                          
87             185.23                        190.01                        0.02                          0.19                          
88             185.52                        190.39                        0.02                          0.19                          
89             185.78                        190.66                        0.02                          0.19                          
90             186.06                        190.93                        0.02                          0.19                          
91             186.35                        191.22                        0.02                          0.19                          
92             186.63                        191.48                        0.02                          0.19                          
93             186.9                         191.74                        0.02                          0.19                          
94             187.18                        192.07                        0.02                          0.19                          
95             187.44                        192.21                        0.02                          0.19                          
96             187.69                        192.46                        0.02                          0.19                          
97             187.93                        192.73                        0.02                          0.19                          
98             188.16                        192.91                        0.02                          0.19                          
99             188.39                        193.15                        0.02                          0.19                          

